NW score matrix
[[   0. 1639. 1631. 1642. 1625. 1653. 1651. 1643. 1755. 1632. 1637. 1188.]
 [1639.    0. 1783. 1596. 1602. 1627. 1635. 1588. 1637. 1577. 1612. 1177.]
 [1631. 1783.    0. 1583. 1601. 1602. 1617. 1575. 1615. 1577. 1611. 1171.]
 [1642. 1596. 1583.    0. 1759. 1653. 1642. 1835. 1593. 1746. 1760. 1212.]
 [1625. 1602. 1601. 1759.    0. 1662. 1649. 1751. 1605. 1736. 1808. 1195.]
 [1653. 1627. 1602. 1653. 1662.    0. 1779. 1639. 1638. 1634. 1661. 1203.]
 [1651. 1635. 1617. 1642. 1649. 1779.    0. 1628. 1646. 1622. 1648. 1187.]
 [1643. 1588. 1575. 1835. 1751. 1639. 1628.    0. 1594. 1761. 1752. 1204.]
 [1755. 1637. 1615. 1593. 1605. 1638. 1646. 1594.    0. 1586. 1605. 1183.]
 [1632. 1577. 1577. 1746. 1736. 1634. 1622. 1761. 1586.    0. 1737. 1209.]
 [1637. 1612. 1611. 1760. 1808. 1661. 1648. 1752. 1605. 1737.    0. 1201.]
 [1188. 1177. 1171. 1212. 1195. 1203. 1187. 1204. 1183. 1209. 1201.    0.]]

UPGMA distance matrix
[[1835.  196.  204.  193.  210.  182.  184.  192.   80.  203.  198.  647.]
 [ 196. 1835.   52.  239.  233.  208.  200.  247.  198.  258.  223.  658.]
 [ 204.   52. 1835.  252.  234.  233.  218.  260.  220.  258.  224.  664.]
 [ 193.  239.  252. 1835.   76.  182.  193.    0.  242.   89.   75.  623.]
 [ 210.  233.  234.   76. 1835.  173.  186.   84.  230.   99.   27.  640.]
 [ 182.  208.  233.  182.  173. 1835.   56.  196.  197.  201.  174.  632.]
 [ 184.  200.  218.  193.  186.   56. 1835.  207.  189.  213.  187.  648.]
 [ 192.  247.  260.    0.   84.  196.  207. 1835.  241.   74.   83.  631.]
 [  80.  198.  220.  242.  230.  197.  189.  241. 1835.  249.  230.  652.]
 [ 203.  258.  258.   89.   99.  201.  213.   74.  249. 1835.   98.  626.]
 [ 198.  223.  224.   75.   27.  174.  187.   83.  230.   98. 1835.  634.]
 [ 647.  658.  664.  623.  640.  632.  648.  631.  652.  626.  634. 1835.]]

UPGMA tree in newick format:
(((((>bovin_SWS:40.00,>Sus_SWS:40.00):54.00,(>Mus_SWS:28.00,>Rattus_SWS:28.00):66.00):8.50,(((>Monodelphis_SWS:13.50,>Thylamys_SWS:13.50):26.25,(>Macropus_SWS:0.00,>Setonix_SWS:0.00):39.75):5.25,>Tarsipes_SWS:45.00):57.50):11.53,(>Homo_SWS:26.00,>Macaca_SWS:26.00):88.03):206.65,>sp|Q9W6A9|OP1S1_DANRE:320.68):0.00

Multiple sequence alignment:
>bovin_SWS
M---SKM----SEE-EE---FLLFKNISLVGPWDGPQYHLAPVWAFHLQAVFMGFVFFVGTPLNATVLV-ATLRYRKLRQPLNYILVNVSLGGFIYCIF-SVFI-VFITS-C----Y--GY-FVFGRHVCALEAFLGCTAGLVTGWSLAFLAFERYIIICKPFGNFRFSSKH----ALMVV--VATWTIGIGV--SIPPFFGWSRFVPEGLQCSCGPDWYTVGTKY---YSEYYTWFLFIFCYIVPLSLICFSYSQLLGALRAVAAQQQESASTQKAEREVSHMVVVMVGSFCLCYTPYAALAMYIVNN----R---NHGVDL---RLVTIPAFFSKSACVYNPI-IYCFMNKQFRAC-IMEMVCGKPMTDESELS---S-SQKTEVSTVSSSQVGPN-
>Sus_SWS
M---SKMP--EEEE-EE---FLLFKNISLVGPWDGPQYHLAPVWVFHLQAAFMGFVFLVGTPLNATVLV-ATLRYRKLRQPLNYILVNVSLGGFIYCIF-SVFS-VFIAS-C----H--GY-FVFGRRVCAMEAFLGSAAGLVTGWSLAFLAFERYIIICKPFGNFRFSSKH----ALIAV--LATWAIGIGV--SIPPFFGWSRFLPEGLQCSCGPDWYTVGTKY---YSEYYTWFLFIFCYIVPLALICFSYSQLLRALRAVAAQQQESASTQKAEREVSHMVVVMVGSFCVCYTPYAALAMYIVNN----R---NHGVTL---RLVTIPAFFSKSACIYNPI-IYCFMNKQFRAC-IMEMVCGKPMTDESDMS---S-SQKTEVSTVSSTQVGPN-
>Mus_SWS
M---SG-------E-DD---FYLFQNISSVGPWDGPQYHLAPVWAFRLQAAFMGFVFFVGTPLNAIVLV-ATLHYKKLRQPLNYILVNVSLGGFLFCIF-SVFT-VFIAS-C----H--GY-FLFGRHVCALEAFLGSVAGLVTGWSLAFLAFERYVVICKPFGSIRFNSKH----ALMVV--LATWIIGIGV--SIPPFFGWSRFIPEGLQCSCGPDWYTVGTKY---RSEYYTWFLFIFCFIIPLSLICFSYSQLLRTLRAVAAQQQESATTQKAEREVSHMVVVMVGSFCLCYVPYAALAMYMVNN----R---NHGL---DLRLVTIPAFFSKSSCVYNPI-IYCFMNKQFRAC-ILEMVCRKPMADESDVS---G-SQKTEVSTVSSSKVGPH-
>Rattus_SWS
M---SG-------E-DE---FYLFQNISSVGPWDGPQYHIAPVWAFHLQAAFMGFVFFAGTPLNATVLV-ATLHYKKLRQPLNYILVNVSLGGFLFCIF-SVFT-VFIAS-C----H--GY-FLFGRHVCALEAFLGSVAGLVTGWSLAFLAFERYLVICKPFGNIRFNSKH----ALTVV--LITWTIGIGV--SIPPFFGWSRFIPEGLQCSCGPDWYTVGTKY---RSEHYTWFLFIFCFIIPLSLICFSYFQLLRTLRAVAAQQQESATTQKAEREVSHMVVVMVGSFCLCYVPYAALAMYMVNN----R---NHGL-Y--LRLVTIPAFFSKSSCVYNPI-IYCFMNKQFRAC-ILEMVCRKPMTDESDMS---G-SQKTEVSTVSSSKVGPH-
>Monodelphis_SWS
M---SGD-------EE----FYLFKNISSVGPWDGPQYHIAPAWAFHFQTVFMGFVFCAGTPLNAVVLV-ATLRYKKLRQPLNYILVNVSLCGFIFCL-FAVFT-VFISS-S----Q--GY-FIFGRHVCAMEAFLGSVAGLVTGWSLAFLAFERFIVICKPFGNFRFNSKH----AMMVV--LATWVIGIGV--SIPPFFGWSRFIPEGLQCSCGPDWYTVGTKY---RSEYYTWFLFIFCFIMPLFLICFSYSQLLRALRAVAAQQQESATTQKAEREVSRMVVMMVGSFCLCYVPYAALAMYMVNN----R---NHGLD-LR--LVTIPAFFSKSACVYNPI-IYCFMNKQFHAC-IMEMVCRKPMTDDSNVS---S-SQKTEVSAVSSSQVGPS-
>Thylamys_SWS
M---SGD-------EE----FYLFKNISSVGPWDGPQYHIAPAWAFHLQTVFMGFVFCAGTPLNAVVLV-ATLRYKKLRQPLNYILVNVSFSGFIFCI-FAVFT-VFISS-S----Q--GY-FIFGHHVCAMEAFLGSVAGLVTGWSLAFLAFERFIVICKPFGNFRFNSKH----AMMVV--LATWVIGIGV--SIPPFFGWSRFIPEGLQCSCGPDWYTVGTKY---RSEYYTWFLFIFCFIVPLFLICFSYSQLLGALRAVAAQQQESATTQKAEREVSRMVVMMVGSFCLCYVPYAALAMYMVNN----R---NHGLD-LR--LVTIPAFFSKSACVYNPI-IYCFMNKQFHAC-IMEMVCRKPMTDDSDVS---S-SQKTEVSAVSSSQVGPS-
>Macropus_SWS
M---SGD-------EE----FYLFKNISSVGPWDGPQYHIAPAWAFHCQTVFMGFVFFAGTPLNAVVLI-ATFRYKKLRQPLNYILVNISLAGFIYCI-FSVFT-VFISS-S----Q--GY-FIFGRHVCAMEGFLGSVAGLVTGWSLAFLAFERFIVICKPFGNFRFNSKH----SMMVV--LATWVIGIGV--SIPPFFGWSRYIPEGLQCSCGPDWYTVGTKY---RSEYYTWFLFILCFIMPLSLICFSYSQLLGALRAVAAQQQESATTQKAEREVSRMVVMMVGSFCLCYVPYAALAMYMVNN----R---NHGID-LR--LVTIPAFFSKSSCVYNPI-IYCFMNKQFHAC-IMEMVCRKPMTDDSEAS---S-SQKTEVSTVSSSQVGPS-
>Setonix_SWS
M---SGD-------EE----FYLFKNISSVGPWDGPQYHIAPAWAFHCQTVFMGFVFFAGTPLNAVVLI-ATFRYKKLRQPLNYILVNISLAGFIYCI-ISVFT-VFISS-S----Q--GY-FIFGRHVCAMEGFLGSVAGLVTGWSLAFLAFERFIVICKPFGNFRFNSKH----SMMVV--LATWVIGIGV--SIPPFFGWSRYIPEGLQCSCGPDWYTVGTKY---HSEYYTWFLFILCFIMPLSLICFSYSQLLGALRAVAAQQQESATTQKAEREVSRMVVMMVGSFCLCYVPYAALAMYMVNN----R---NHGID-LR--LVTIPAFFSKSACVYNPI-IYCFMNKQFHAC-IMEMVCRKPMTDDSEAS---S-SQKTEVSTVSSSQVGPS-
>Tarsipes_SWS
M---SGD-------EE----FYLFKDISSVGPWDGPQYHIAPAWAFHFQTTFMGFVFFAGTPLNAVVLI-ATLRYKKLRQPLNYILVNISLAGFIFCVIS-VFT-VFISS-S----Q--GY-FIFGRHVCAMEAFLGSVAGLVTGWSLAFLAFERFIVICKPFGNFRFSSKH----AMMVV--LATWVIGIGV--SIPPFFGWSRYIPEGLQCSCGPDWYTVGTKY---HSEYYTGFLFIFCFIVPLSLICFSYSQLLGALRAVAAQQQESATTQKAEREVSRMVVVMVGSFCLCYVPYAALAMYMVNN----R---NHGLD-LR--LVTIPAFFSKSACVYNPI-VYWFMNKQFHAC-IMEMVCRKPMTDDSEIS---S-SQKTEVSTVSSSQVGPS-
>Homo_SWS
MRKMS---EE-----EF----YLFKNISSVGPWDGPQYHIAPVWAFYLQAAFMGTVFLIGFPLNAMVLV-ATLRYKKLRQPLNYILVNVSFGGFLLCIFS-VFP-VFVAS-C----N--GY-FVFGRHVCALEGFLGTVAGLVTGWSLAFLAFERYIVICKPFGNFRFSSKH----ALTVV--LATWTIGIGV--SIPPFFGWSRFIPEGLQCSCGPDWYTVGTKY---RSESYTWFLFIFCFIVPLSLICFSYTQLLRALKAVAAQQQESATTQKAEREVSRMVVVMVGSFCVCYVPYAAFAMYMVNN----R---NHGLDL-RL--VTIPSFFSKSACIYNPI-IYCFMNKQFQA-CIMKMVCGKAMTDESD--T--CSSQKTEVSTVSSTQVGPN-
>Macaca_SWS
MRKMSE--EE-----EF----YLFKNLSSVKPWDGPQYHIAPVWAFYLQAAFMGTVFLAGFPLNAMVLV-ATVRYKKLRQPLNYILVNVSFGGFLLCIFS-VFP-VFVNS-C----K--GY-FVFGRHVCAFEAFLGTVAGLVTGWSLAFLAFERYIVICKPFGNFRFSSKH----ALTVV--LATWTIGIGV--SIPPFFGWSRFIPEGLQCSCGPDWYTVGTKY---RSESYTWFLFIFCFIVPLSLICFSYTQLLRALKAVAAQQQESATTQKAEREVSRMVVVMVGSFCVCYVPYAAFAMYMVNN----R---NHGLDL-RL--VTIPAFFSKSACIYNPI-IYCFMNKQFQAH-IMKMVCGKAMTDESDI-S---SSQKTEVSTVSSSQVGPN-
>sp|Q9W6A9|OP1S1_DANRE
MD--------------AWAV--QFGNASKVSPFEGEQYHIAPKWAFYLQAAFMGFVFIVGTPMNGIVLFVT-MKYKKLRQPLNYILVNISLAGFI---F----DTF-S-VSQVFVCAARGYYFLG-YTLCAMEAAMGSIAGLVTGWSLAVLAFERYVVICKPFGSF--K--FGQGQAV--GAVVFTWI-I-GTACATPPFFGWSRYIPEGLGTACGPDWYT---KSEEYNSESYTYFLLITCFMMPMTIIIFSYSQLLGALRAVAAQQAESESTQKAEREVSRMVVVMVGSFVLCYAPYAVTAMYFANSDEPNKDYRL---V-------AIPAFFSKSSCVYNPLIY-AFMNKQFNACI-METVFGKK-IDESS--EVS-S-K-TET--S-SV--S--A


Indexes of conserved positions:
[2, 3, 4, 7, 8, 9, 10, 12, 13, 14, 17, 18, 19, 20, 22, 25, 32, 33, 35, 39, 44, 49, 54, 60, 62, 64, 69, 70, 71, 75, 88, 90, 94, 96, 101, 102, 104, 105, 106, 109, 110, 112, 113, 114, 115, 117, 118, 121, 124, 125, 128, 133, 134, 135, 149, 155, 157, 164, 165, 166, 167, 169, 170, 171, 172, 173, 174, 175, 176, 180, 181, 182, 183, 188, 189, 190, 192, 193, 194, 195, 196, 205, 211, 212, 213, 221, 222, 223, 225, 226, 227, 228, 238, 242, 243, 246, 248, 250, 258, 259, 261, 268, 271, 272, 282, 286, 292, 293, 300, 306, 308, 309, 310, 311, 312, 313, 314, 315, 316, 317, 318, 319, 323, 325, 326, 327, 328, 329, 332, 338, 340, 344, 345, 347, 359, 360, 361, 362, 364, 365, 368, 371, 375, 377, 378, 380, 381, 382, 383, 386, 387, 389, 390, 394, 395, 396, 398]

Distance matrix from conserved positions:
[[0 7 15 15 18 18 22 21 19 30 28 124]
 [7 0 18 18 21 23 27 26 24 29 27 131]
 [15 18 0 2 17 19 21 22 20 27 25 127]
 [15 18 2 0 15 17 19 20 18 25 23 127]
 [18 21 17 15 0 2 6 5 5 26 24 126]
 [18 23 19 17 2 0 6 5 5 26 24 126]
 [22 27 21 19 6 6 0 1 5 30 30 124]
 [21 26 22 20 5 5 1 0 4 29 29 125]
 [19 24 20 18 5 5 5 4 0 29 27 123]
 [30 29 27 25 26 26 30 29 29 0 2 130]
 [28 27 25 23 24 24 30 29 27 2 0 128]
 [124 131 127 127 126 126 124 125 123 130 128 0]]

NJ tree in newick format:
(((((>Macropus_SWS,>Setonix_SWS),>Tarsipes_SWS),(((>Homo_SWS,>Macaca_SWS),>sp|Q9W6A9|OP1S1_DANRE),((>Mus_SWS,>Rattus_SWS),(>bovin_SWS,>Sus_SWS)))),>Monodelphis_SWS),>Thylamys_SWS)